111NJCA1>
1111111110 11111111 1111111111 Ι11111Α11111111
31111111111111111111111111111111111111111111111111111111
111111111111111111111 1111111111Άὶ 1111111111 1,
11111111811111 11111111111111111111· 111
11111111111111111111 111111 8111111111 11 11=
11111011111111111111111111111111111
qui 111111111111111111111111 111 f111119111111111'1111u
1111111111 111111 concurrunt: 1111111111 1111111-
11111111111111111111111111 1111111 1111 111 11111111
1111111 111111111111111. Ob 111( 111. 111 11 ,⁶1 11111
1* 11111 1111111111111111111111111 11
11111111111111111111111111111111111111 1111111
1111111111111111 ,11111111111111 11111111 1111111111
111111111111111111111111 1111111111111111111
11111111181111111111111111111111111111111111111111·
111 11111111 1111111111111111110111111111611111113
1111 1111111111111 11111111 111111111111111111 111111111-
11111 1111111111111111111111111111111111111111111111111
(1111111111111 1111111111111161111111111111
1111111111111111111 κκκκκ 1111111111111111111111
1111111111111111111111111111111111111111111111111
(1111 1111111111111111111111111111111111111111
1231111¹lffiflffl 1111131011Ϊῗ1ῃο1101
1111111111 111111,11111111111111111111ΑἨ11
11111111111111111111111111111111111111111111111·

r (1111111111 11111111 11111 111111 1111Α111111111111

 

